function probs = get_brain_pairs_succcess

probs = zeros(6, 6);

probs(1, :) = [0 0.2140 0.4480 0.0470 0.4700 0.5200];
probs(2, :) = [0 0      0.53   0.40   0.3450 0.3150];
probs(3, :) = [0 0      0      0.2150 0.4500 0.3800];
probs(4, :) = [0 0      0      0      0.0400 0.0750];
probs(5, :) = [0 0      0      0      0      0.5300];

end